0 1024
1 1024
2 819
3 614
4 409
5 410
6 615
7 308
8 155
9 129
10 129
11 129
12 130
13 130
14 131
15 130
16 132
17 138
18 140
19 152
20 135
21 205
22 200
23 168
24 139
25 188
26 211
27 180
28 149
29 183
30 176
31 203
32 188
33 189
34 181
35 153
36 179
37 217
38 247
39 194
40 187
41 187
42 193
43 203
44 226
45 233
46 200
47 168
48 181
49 205
50 206
51 181
52 180
53 187
54 192
55 242
56 236
57 224
58 183
59 196
60 209
61 230
62 270
63 287
64 258
65 260
66 254
67 253
68 238
69 277
70 275
71 275
72 261
73 253
74 257
75 269
76 279
77 292
78 275
79 255
80 258
81 268
82 293
83 294
84 276
85 271
86 262
87 276
88 301
89 327
90 321
91 309
92 291
93 295
94 294
95 334
96 321
97 337
98 315
99 297
100 307
101 309
102 327
103 306
104 303
105 330
106 321
107 334
108 324
109 334
110 311
111 319
112 335
113 343
114 341
115 355
116 332
117 316
118 327
119 335
120 347
121 358
122 344
123 322
124 305
125 323
126 336
127 343
128 358
129 348
130 332
131 321
132 343
133 372
134 365
135 372
136 352
137 325
138 319
139 368
140 380
141 390
142 372
143 340
144 325
145 323
146 351
147 389
148 380
149 382
150 353
151 334
152 328
153 347
154 367
155 382
156 394
157 352
158 334
159 336
160 356
161 378
162 397
163 391
164 359
165 333
166 331
167 368
168 369
169 392
170 415
171 377
172 342
173 339
174 372
175 385
176 396
177 402
178 370
179 340
180 345
181 374
182 377
183 393
184 395
185 390
186 368
187 363
188 382
189 384
190 396
191 414
192 394
193 375
194 361
195 387
196 383
197 398
198 411
199 401
200 381
201 367
202 395
203 396
204 403
205 420
206 395
207 365
208 364
209 387
210 406
211 416
212 428
213 405
214 366
215 353
216 381
217 397
218 409
219 432
220 401
221 357
222 353
223 381
224 405
225 412
226 429
227 401
228 364
229 350
230 391
231 412
232 422
233 441
234 408
235 364
236 365
237 407
238 422
239 423
240 426
241 381
242 349
243 364
244 411
245 439
246 428
247 419
248 383
249 354
250 365
251 420
252 435
253 430
254 428
255 396
256 368
257 373
258 413
259 431
260 423
261 428
262 400
263 379
264 382
265 419
266 434
267 422
268 425
269 393
270 368
271 385
272 417
273 423
274 425
275 432
276 393
277 372
278 377
279 419
280 447
281 432
282 444
283 400
284 374
285 383
286 431
287 440
288 435
289 444
290 403
291 381
292 375
293 405
294 424
295 432
296 453
297 413
298 376
299 368
300 414
301 421
302 436
303 456
304 417
305 385
306 379
307 420
308 434
309 440
310 459
311 413
312 377
313 369
314 419
315 443
316 446
317 456
318 417
319 368
320 364
321 413
322 436
323 455
324 448
325 405
326 368
327 369
328 415
329 439
330 454
331 458
332 428
333 371
334 376
335 422
336 445
337 456
338 460
339 417
340 379
341 381
342 419
343 448
344 444
345 440
346 400
347 370
348 391
349 432
350 449
351 435
352 445
353 398
354 377
355 404
356 442
357 459
358 452
359 451
360 411
361 386
362 402
363 439
364 447
365 449
366 452
367 417
368 387
369 392
370 434
371 430
372 432
373 444
374 407
375 392
376 390
377 420
378 431
379 437
380 444
381 413
382 392
383 399
384 445
385 438
386 446
387 457
388 417
389 394
390 396
391 437
392 445
393 454
394 458
395 426
396 387
397 377
398 421
399 442
400 463
401 462
402 419
403 376
404 376
405 420
406 446
407 473
408 475
409 428
410 386
411 388
412 432
413 453
414 469
415 470
416 422
417 384
418 385
419 439
420 458
421 462
422 467
423 405
424 366
425 374
426 420
427 457
428 453
429 455
430 407
431 372
432 376
433 430
434 459
435 463
436 474
437 416
438 380
439 383
440 429
441 456
442 460
443 466
444 417
445 383
446 386
447 436
448 447
449 437
450 452
451 414
452 397
453 392
454 432
455 441
456 447
457 453
458 423
459 405
460 402
461 439
462 453
463 452
464 460
465 424
466 402
467 397
468 430
469 448
470 451
471 465
472 425
473 388
474 389
475 413
476 432
477 438
478 449
479 428
480 391
481 379
482 417
483 438
484 442
485 459
486 431
487 400
488 402
489 424
490 447
491 450
492 457
493 430
494 398
495 392
496 427
497 448
498 451
499 466
500 422
501 376
502 379
503 424
504 458
505 455
506 459
507 414
508 382
509 379
510 429
511 469
512 469
513 469
514 424
515 390
516 388
517 433
518 466
519 464
520 464
521 421
522 389
523 394
524 435
525 453
526 455
527 443
528 403
529 374
530 379
531 437
532 452
533 446
534 450
535 411
536 376
537 386
538 438
539 462
540 465
541 453
542 416
543 384
544 387
545 441
546 463
547 459
548 457
549 418
550 388
551 396
552 431
553 439
554 446
555 455
556 430
557 393
558 390
559 425
560 446
561 445
562 461
563 440
564 403
565 399
566 434
567 453
568 457
569 464
570 437
571 399
572 390
573 429
574 451
575 460
576 464
577 423
578 390
579 372
580 418
581 441
582 446
583 466
584 422
585 381
586 378
587 422
588 439
589 450
590 467
591 432
592 400
593 381
594 429
595 448
596 452
597 468
598 433
599 393
600 389
601 431
602 454
603 463
604 462
605 410
606 380
607 383
608 441
609 456
610 456
611 457
612 419
613 381
614 390
615 451
616 466
617 462
618 464
619 426
620 391
621 393
622 448
623 462
624 455
625 461
626 423
627 393
628 392
629 432
630 454
631 436
632 448
633 413
634 380
635 396
636 433
637 447
638 441
639 452
640 412
641 385
642 395
643 444
644 465
645 447
646 460
647 421
648 387
649 395
650 442
651 455
652 450
653 460
654 424
655 396
656 388
657 419
658 443
659 449
660 471
661 429
662 391
663 383
664 427
665 444
666 454
667 481
668 440
669 400
670 392
671 435
672 454
673 457
674 479
675 436
676 390
677 387
678 432
679 458
680 460
681 464
682 427
683 372
684 374
685 421
686 442
687 462
688 462
689 415
690 375
691 379
692 421
693 450
694 462
695 474
696 435
697 380
698 387
699 430
700 452
701 461
702 473
703 428
704 385
705 388
706 433
707 460
708 454
709 449
710 414
711 383
712 400
713 438
714 455
715 448
716 456
717 414
718 389
719 410
720 449
721 464
722 456
723 463
724 424
725 392
726 406
727 444
728 454
729 452
730 463
731 429
732 394
733 392
734 436
735 436
736 440
737 453
738 413
739 394
740 389
741 424
742 439
743 445
744 452
745 420
746 395
747 401
748 444
749 444
750 453
751 460
752 422
753 395
754 400
755 438
756 449
757 453
758 463
759 430
760 388
761 377
762 425
763 447
764 464
765 468
766 425
767 381
768 384
769 425
770 454
771 475
772 478
773 433
774 389
775 391
776 433
777 455
778 471
779 474
780 426
781 386
782 390
783 439
784 458
785 457
786 466
787 408
788 373
789 378
790 422
791 458
792 454
793 455
794 411
795 378
796 378
797 429
798 459
799 466
800 475
801 415
802 386
803 387
804 431
805 460
806 465
807 468
808 420
809 386
810 390
811 440
812 454
813 442
814 454
815 418
816 397
817 394
818 435
819 447
820 450
821 455
822 424
823 407
824 404
825 443
826 453
827 455
828 463
829 426
830 406
831 401
832 435
833 451
834 455
835 469
836 429
837 392
838 392
839 415
840 437
841 443
842 452
843 430
844 389
845 381
846 419
847 442
848 443
849 459
850 431
851 400
852 401
853 424
854 450
855 453
856 461
857 431
858 399
859 394
860 429
861 451
862 457
863 470
864 424
865 376
866 380
867 426
868 462
869 461
870 466
871 418
872 383
873 380
874 432
875 472
876 469
877 472
878 424
879 389
880 391
881 435
882 470
883 467
884 465
885 422
886 389
887 397
888 437
889 454
890 457
891 445
892 408
893 378
894 380
895 438
896 452
897 446
898 449
899 413
900 378
901 386
902 439
903 464
904 466
905 455
906 421
907 387
908 388
909 439
910 463
911 460
912 461
913 422
914 390
915 397
916 432
917 439
918 446
919 458
920 434
921 395
922 392
923 425
924 446
925 446
926 462
927 442
928 403
929 399
930 434
931 453
932 456
933 466
934 441
935 401
936 392
937 432
938 452
939 460
940 467
941 425
942 391
943 373
944 418
945 441
946 444
947 468
948 423
949 380
950 377
951 422
952 441
953 451
954 469
955 436
956 400
957 382
958 430
959 450
960 453
961 470
962 436
963 394
964 387
965 431
966 453
967 461
968 463
969 412
970 381
971 385
972 442
973 457
974 456
975 456
976 417
977 379
978 389
979 451
980 468
981 464
982 464
983 425
984 390
985 393
986 450
987 466
988 456
989 460
990 423
991 394
992 394
993 435
994 456
995 437
996 447
997 412
998 378
999 395
